0.0 0.0 0.0 0.0
0.0 0.0 0.0 0.0
10.0 10.0 500.0 10.0
10.0 20.0 10.0 120.0
190.0 20.0 10.0 30.0
330.0 20.0 10.0 30.0
500.0 20.0 10.0 120.0
20.0 130.0 90.0 10.0
170.0 130.0 40.0 10.0
320.0 130.0 40.0 10.0
420.0 130.0 80.0 10.0
70.0 140.0 10.0 250.0
190.0 140.0 10.0 250.0
330.0 140.0 10.0 250.0
440.0 140.0 10.0 250.0
10.0 380.0 60.0 10.0
80.0 380.0 30.0 10.0
170.0 380.0 20.0 10.0
200.0 380.0 10.0 10.0
320.0 380.0 10.0 10.0
340.0 380.0 20.0 10.0
420.0 380.0 20.0 10.0
450.0 380.0 60.0 10.0
10.0 390.0 10.0 120.0
500.0 390.0 10.0 120.0
190.0 480.0 10.0 10.0
330.0 480.0 10.0 10.0
190.0 490.0 10.0 20.0
330.0 490.0 10.0 20.0
20.0 500.0 170.0 10.0
200.0 500.0 130.0 10.0
340.0 500.0 160.0 10.0
